image_width: 1280
image_height: 720
camera_name: narrow_stereo
camera_matrix:
  rows: 3
  cols: 3
  data: [628.580379, 0.000000, 638.021494, 0.000000, 625.789595, 361.598223, 0.000000, 0.000000, 1.000000]
distortion_model: plumb_bob
distortion_coefficients:
  rows: 1
  cols: 5
  data: [-0.055246, -0.018222, -0.002007, 0.000576, 0.000000]
rectification_matrix:
  rows: 3
  cols: 3
  data: [1.000000, 0.000000, 0.000000, 0.000000, 1.000000, 0.000000, 0.000000, 0.000000, 1.000000]
projection_matrix:
  rows: 3
  cols: 4
  data: [564.894592, 0.000000, 638.666445, 0.000000, 0.000000, 611.639893, 359.811264, 0.000000, 0.000000, 0.000000, 1.000000, 0.000000]
