image_width: 640
image_height: 360
camera_name: narrow_stereo
camera_matrix:
  rows: 3
  cols: 3
  data: [297.3132, 0.000000, 297.3132, 0.000000, 320.0, 180.0, 0.000000, 0.000000, 1.000000]
distortion_model: plumb_bob
distortion_coefficients:
  rows: 1
  cols: 5
  data: [0.0, 0.0, 0.0, 0.0, 0.0]
rectification_matrix:
  rows: 3
  cols: 3
  data: [1.000000, 0.000000, 0.000000, 0.000000, 1.000000, 0.000000, 0.000000, 0.000000, 1.000000]
projection_matrix:
  rows: 3
  cols: 4
  data: [297.3132, 0.000000, 297.3132, 0.000000, 0.000000, 320.0, 180.0, 0.000000, 0.000000, 0.000000, 1.000000, 0.000000]
